# Values[k2].InitialValue	[l1]	[l13]	[l15]	[l135]	[c]	
16.4	0.0023972	0.00239641	0.00239641	0.144797	42.4047	
16.426	0.0023972	0.00239641	0.00239641	0.14457	42.4054	
16.452	0.0023972	0.00239641	0.00239641	0.144344	42.4061	
16.478	0.0023972	0.00239641	0.00239641	0.144118	42.4067	
16.504	0.0023972	0.00239641	0.00239641	0.143893	42.4074	
16.53	0.0023972	0.00239641	0.00239641	0.143669	42.4081	
16.556	0.0023972	0.00239641	0.00239641	0.143446	42.4087	
16.582	0.0023972	0.00239641	0.00239641	0.143223	42.4094	
16.608	0.0023972	0.00239641	0.00239641	0.143001	42.4101	
16.634	0.0023972	0.00239641	0.00239641	0.14278	42.4107	
16.66	0.0023972	0.00239641	0.00239641	0.142559	42.4114	
16.686	0.0023972	0.00239641	0.00239641	0.142339	42.412	
16.712	0.0023972	0.00239641	0.00239641	0.14212	42.4127	
16.738	0.0023972	0.00239641	0.00239641	0.141901	42.4133	
16.764	0.0023972	0.00239641	0.00239641	0.141684	42.414	
16.79	0.0023972	0.00239641	0.00239641	0.141466	42.4146	
16.816	0.0023972	0.00239641	0.00239641	0.14125	42.4153	
16.842	0.0023972	0.00239641	0.00239641	0.141034	42.4159	
16.868	0.0023972	0.00239641	0.00239641	0.140819	42.4166	
16.894	0.0023972	0.00239641	0.00239641	0.140604	42.4172	
16.92	0.0023972	0.00239641	0.00239641	0.14039	42.4178	
16.946	0.0023972	0.00239641	0.00239641	0.140177	42.4185	
16.972	0.0023972	0.00239641	0.00239641	0.139964	42.4191	
16.998	0.0023972	0.00239641	0.00239641	0.139752	42.4197	
17.024	0.0023972	0.00239641	0.00239641	0.139541	42.4204	
17.05	0.0023972	0.00239641	0.00239641	0.13933	42.421	
17.076	0.0023972	0.00239641	0.00239641	0.13912	42.4216	
17.102	0.0023972	0.00239641	0.00239641	0.13891	42.4222	
17.128	0.0023972	0.00239641	0.00239641	0.138702	42.4229	
17.154	0.0023972	0.00239641	0.00239641	0.138493	42.4235	
17.18	0.0023972	0.00239641	0.00239641	0.138286	42.4241	
17.206	0.0023972	0.00239641	0.00239641	0.138079	42.4247	
17.232	0.0023972	0.00239641	0.00239641	0.137872	42.4253	
17.258	0.0023972	0.00239641	0.00239641	0.137667	42.4259	
17.284	0.0023972	0.00239641	0.00239641	0.137462	42.4265	
17.31	0.0023972	0.00239641	0.00239641	0.137257	42.4272	
17.336	0.0023972	0.00239641	0.00239641	0.137053	42.4278	
17.362	0.0023972	0.00239641	0.00239641	0.13685	42.4284	
17.388	0.0023972	0.00239641	0.00239641	0.136647	42.429	
17.414	0.0023972	0.00239641	0.00239641	0.136445	42.4296	
17.44	0.0023972	0.00239641	0.00239641	0.136244	42.4302	
17.466	0.0023972	0.00239641	0.00239641	0.136043	42.4308	
17.492	0.0023972	0.00239641	0.00239641	0.135842	42.4314	
17.518	0.0023972	0.00239641	0.00239641	0.135643	42.432	
17.544	0.0023972	0.00239641	0.00239641	0.135444	42.4326	
17.57	0.0023972	0.00239641	0.00239641	0.135245	42.4331	
17.596	0.0023972	0.00239641	0.00239641	0.135047	42.4337	
17.622	0.0023972	0.00239641	0.00239641	0.13485	42.4343	
17.648	0.0023972	0.00239641	0.00239641	0.134653	42.4349	
17.674	0.0023972	0.00239641	0.00239641	0.134457	42.4355	
17.7	0.0023972	0.00239641	0.00239641	0.134261	42.4361	
17.726	0.0023972	0.00239641	0.00239641	0.134066	42.4367	
17.752	0.0023972	0.00239641	0.00239641	0.133871	42.4372	
17.778	0.0023972	0.00239641	0.00239641	0.133677	42.4378	
17.804	0.0023972	0.00239641	0.00239641	0.133484	42.4384	
17.83	0.0023972	0.00239641	0.00239641	0.133291	42.439	
17.856	0.0023972	0.00239641	0.00239641	0.133099	42.4395	
17.882	0.0023972	0.00239641	0.00239641	0.132907	42.4401	
17.908	0.0023972	0.00239641	0.00239641	0.132716	42.4407	
17.934	0.0023972	0.00239641	0.00239641	0.132525	42.4412	
17.96	0.0023972	0.00239641	0.00239641	0.132335	42.4418	
17.986	0.0023972	0.00239641	0.00239641	0.132146	42.4424	
18.012	0.0023972	0.00239641	0.00239641	0.131957	42.4429	
18.038	0.0023972	0.00239641	0.00239641	0.131768	42.4435	
18.064	0.0023972	0.00239641	0.00239641	0.13158	42.4441	
18.09	0.0023972	0.00239641	0.00239641	0.131393	42.4446	
18.116	0.0023972	0.00239641	0.00239641	0.131206	42.4452	
18.142	0.0023972	0.00239641	0.00239641	0.13102	42.4457	
18.168	0.0023972	0.00239641	0.00239641	0.130834	42.4463	
18.194	0.0023972	0.00239641	0.00239641	0.130649	42.4468	
18.22	0.0023972	0.00239641	0.00239641	0.130464	42.4474	
18.246	0.0023972	0.00239641	0.00239641	0.13028	42.4479	
18.272	0.0023972	0.00239641	0.00239641	0.130096	42.4485	
18.298	0.0023972	0.00239641	0.00239641	0.129913	42.449	
18.324	0.0023972	0.00239641	0.00239641	0.12973	42.4496	
18.35	0.0023972	0.00239641	0.00239641	0.129548	42.4501	
18.376	0.0023972	0.00239641	0.00239641	0.129366	42.4506	
18.402	0.0023972	0.00239641	0.00239641	0.129185	42.4512	
18.428	0.0023972	0.00239641	0.00239641	0.129005	42.4517	
18.454	0.0023972	0.00239641	0.00239641	0.128824	42.4523	
18.48	0.0023972	0.00239641	0.00239641	0.128645	42.4528	
18.506	0.0023972	0.00239641	0.00239641	0.128466	42.4533	
18.532	0.0023972	0.00239641	0.00239641	0.128287	42.4539	
18.558	0.0023972	0.00239641	0.00239641	0.128109	42.4544	
18.584	0.0023972	0.00239641	0.00239641	0.127931	42.4549	
18.61	0.0023972	0.00239641	0.00239641	0.127754	42.4554	
18.636	0.0023972	0.00239641	0.00239641	0.127577	42.456	
18.662	0.0023972	0.00239641	0.00239641	0.127401	42.4565	
18.688	0.0023972	0.00239641	0.00239641	0.127226	42.457	
18.714	0.0023972	0.00239641	0.00239641	0.12705	42.4575	
18.74	0.0023972	0.00239641	0.00239641	0.126876	42.4581	
18.766	0.0023972	0.00239641	0.00239641	0.126701	42.4586	
18.792	0.0023972	0.00239641	0.00239641	0.126528	42.4591	
18.818	0.0023972	0.00239641	0.00239641	0.126354	42.4596	
18.844	0.0023972	0.00239641	0.00239641	0.126182	42.4601	
18.87	0.0023972	0.00239641	0.00239641	0.126009	42.4606	
18.896	0.0023972	0.00239641	0.00239641	0.125837	42.4611	
18.922	0.0023972	0.00239641	0.00239641	0.125666	42.4617	
18.948	0.0023972	0.00239641	0.00239641	0.125495	42.4622	
18.974	0.0023972	0.00239641	0.00239641	0.125325	42.4627	
19	0.0023972	0.00239641	0.00239641	0.125155	42.4632	
