# Values[kd1].InitialValue	[l1]	[l13]	[l15]	[l135]	[c]	
0.111	0.00239734	0.0023968	0.0023968	0.134703	42.5759	
0.11322	0.00239733	0.00239679	0.00239679	0.134686	42.5703	
0.11544	0.00239733	0.00239677	0.00239677	0.134668	42.5647	
0.11766	0.00239732	0.00239676	0.00239676	0.13465	42.5591	
0.11988	0.00239732	0.00239674	0.00239674	0.134633	42.5535	
0.1221	0.00239731	0.00239673	0.00239673	0.134615	42.548	
0.12432	0.0023973	0.00239671	0.00239671	0.134597	42.5424	
0.12654	0.0023973	0.00239669	0.00239669	0.13458	42.5368	
0.12876	0.00239729	0.00239668	0.00239668	0.134562	42.5312	
0.13098	0.00239729	0.00239666	0.00239666	0.134544	42.5256	
0.1332	0.00239728	0.00239665	0.00239665	0.134527	42.5201	
0.13542	0.00239728	0.00239663	0.00239663	0.134509	42.5145	
0.13764	0.00239727	0.00239661	0.00239661	0.134491	42.5089	
0.13986	0.00239727	0.0023966	0.0023966	0.134474	42.5033	
0.14208	0.00239726	0.00239658	0.00239658	0.134456	42.4978	
0.1443	0.00239726	0.00239657	0.00239657	0.134439	42.4922	
0.14652	0.00239725	0.00239655	0.00239655	0.134421	42.4866	
0.14874	0.00239725	0.00239653	0.00239653	0.134403	42.4811	
0.15096	0.00239724	0.00239652	0.00239652	0.134386	42.4755	
0.15318	0.00239724	0.0023965	0.0023965	0.134368	42.4699	
0.1554	0.00239723	0.00239649	0.00239649	0.134351	42.4644	
0.15762	0.00239722	0.00239647	0.00239647	0.134333	42.4588	
0.15984	0.00239722	0.00239645	0.00239645	0.134315	42.4532	
0.16206	0.00239721	0.00239644	0.00239644	0.134298	42.4477	
0.16428	0.00239721	0.00239642	0.00239642	0.13428	42.4421	
0.1665	0.0023972	0.00239641	0.00239641	0.134263	42.4366	
0.16872	0.0023972	0.00239639	0.00239639	0.134245	42.431	
0.17094	0.00239719	0.00239637	0.00239637	0.134227	42.4255	
0.17316	0.00239719	0.00239636	0.00239636	0.13421	42.4199	
0.17538	0.00239718	0.00239634	0.00239634	0.134192	42.4144	
0.1776	0.00239718	0.00239633	0.00239633	0.134175	42.4088	
0.17982	0.00239717	0.00239631	0.00239631	0.134157	42.4033	
0.18204	0.00239717	0.00239629	0.00239629	0.13414	42.3977	
0.18426	0.00239716	0.00239628	0.00239628	0.134122	42.3922	
0.18648	0.00239716	0.00239626	0.00239626	0.134105	42.3866	
0.1887	0.00239715	0.00239625	0.00239625	0.134087	42.3811	
0.19092	0.00239715	0.00239623	0.00239623	0.13407	42.3756	
0.19314	0.00239714	0.00239622	0.00239622	0.134052	42.37	
0.19536	0.00239713	0.0023962	0.0023962	0.134034	42.3645	
0.19758	0.00239713	0.00239618	0.00239618	0.134017	42.3589	
0.1998	0.00239712	0.00239617	0.00239617	0.133999	42.3534	
0.20202	0.00239712	0.00239615	0.00239615	0.133982	42.3479	
0.20424	0.00239711	0.00239614	0.00239614	0.133964	42.3423	
0.20646	0.00239711	0.00239612	0.00239612	0.133947	42.3368	
0.20868	0.0023971	0.0023961	0.0023961	0.133929	42.3313	
0.2109	0.0023971	0.00239609	0.00239609	0.133912	42.3257	
0.21312	0.00239709	0.00239607	0.00239607	0.133894	42.3202	
0.21534	0.00239709	0.00239606	0.00239606	0.133877	42.3147	
0.21756	0.00239708	0.00239604	0.00239604	0.13386	42.3092	
0.21978	0.00239708	0.00239602	0.00239602	0.133842	42.3036	
0.222	0.00239707	0.00239601	0.00239601	0.133825	42.2981	
0.22422	0.00239707	0.00239599	0.00239599	0.133807	42.2926	
0.22644	0.00239706	0.00239598	0.00239598	0.13379	42.2871	
0.22866	0.00239705	0.00239596	0.00239596	0.133772	42.2816	
0.23088	0.00239705	0.00239594	0.00239594	0.133755	42.2761	
0.2331	0.00239704	0.00239593	0.00239593	0.133737	42.2705	
0.23532	0.00239704	0.00239591	0.00239591	0.13372	42.265	
0.23754	0.00239703	0.0023959	0.0023959	0.133702	42.2595	
0.23976	0.00239703	0.00239588	0.00239588	0.133685	42.254	
0.24198	0.00239702	0.00239586	0.00239586	0.133668	42.2485	
0.2442	0.00239702	0.00239585	0.00239585	0.13365	42.243	
0.24642	0.00239701	0.00239583	0.00239583	0.133633	42.2375	
0.24864	0.00239701	0.00239582	0.00239582	0.133615	42.232	
0.25086	0.002397	0.0023958	0.0023958	0.133598	42.2265	
0.25308	0.002397	0.00239578	0.00239578	0.13358	42.221	
0.2553	0.00239699	0.00239577	0.00239577	0.133563	42.2155	
0.25752	0.00239699	0.00239575	0.00239575	0.133546	42.21	
0.25974	0.00239698	0.00239574	0.00239574	0.133528	42.2045	
0.26196	0.00239698	0.00239572	0.00239572	0.133511	42.199	
0.26418	0.00239697	0.00239571	0.00239571	0.133493	42.1935	
0.2664	0.00239696	0.00239569	0.00239569	0.133476	42.188	
0.26862	0.00239696	0.00239567	0.00239567	0.133459	42.1825	
0.27084	0.00239695	0.00239566	0.00239566	0.133441	42.177	
0.27306	0.00239695	0.00239564	0.00239564	0.133424	42.1715	
0.27528	0.00239694	0.00239563	0.00239563	0.133407	42.166	
0.2775	0.00239694	0.00239561	0.00239561	0.133389	42.1605	
0.27972	0.00239693	0.00239559	0.00239559	0.133372	42.155	
0.28194	0.00239693	0.00239558	0.00239558	0.133355	42.1496	
0.28416	0.00239692	0.00239556	0.00239556	0.133337	42.1441	
0.28638	0.00239692	0.00239555	0.00239555	0.13332	42.1386	
0.2886	0.00239691	0.00239553	0.00239553	0.133303	42.1331	
0.29082	0.00239691	0.00239551	0.00239551	0.133285	42.1276	
0.29304	0.0023969	0.0023955	0.0023955	0.133268	42.1222	
0.29526	0.0023969	0.00239548	0.00239548	0.133251	42.1167	
0.29748	0.00239689	0.00239547	0.00239547	0.133233	42.1112	
0.2997	0.00239688	0.00239545	0.00239545	0.133216	42.1057	
0.30192	0.00239688	0.00239543	0.00239543	0.133199	42.1003	
0.30414	0.00239687	0.00239542	0.00239542	0.133181	42.0948	
0.30636	0.00239687	0.0023954	0.0023954	0.133164	42.0893	
0.30858	0.00239686	0.00239539	0.00239539	0.133147	42.0839	
0.3108	0.00239686	0.00239537	0.00239537	0.133129	42.0784	
0.31302	0.00239685	0.00239535	0.00239535	0.133112	42.0729	
0.31524	0.00239685	0.00239534	0.00239534	0.133095	42.0675	
0.31746	0.00239684	0.00239532	0.00239532	0.133077	42.062	
0.31968	0.00239684	0.00239531	0.00239531	0.13306	42.0565	
0.3219	0.00239683	0.00239529	0.00239529	0.133043	42.0511	
0.32412	0.00239683	0.00239528	0.00239528	0.133026	42.0456	
0.32634	0.00239682	0.00239526	0.00239526	0.133008	42.0402	
0.32856	0.00239682	0.00239524	0.00239524	0.132991	42.0347	
0.33078	0.00239681	0.00239523	0.00239523	0.132974	42.0292	
0.333	0.00239681	0.00239521	0.00239521	0.132957	42.0238	
