# Values[kd2].InitialValue	[l1]	[l13]	[l15]	[l135]	[c]	
0.028	0.0023972	0.00239641	0.00239641	0.134261	84.8721	
0.02855	0.0023972	0.00239641	0.00239641	0.134261	83.2371	
0.0291	0.0023972	0.00239641	0.00239641	0.134261	81.6639	
0.02965	0.0023972	0.00239641	0.00239641	0.134261	80.1491	
0.0302	0.0023972	0.00239641	0.00239641	0.134261	78.6894	
0.03075	0.0023972	0.00239641	0.00239641	0.134261	77.282	
0.0313	0.0023972	0.00239641	0.00239641	0.134261	75.924	
0.03185	0.0023972	0.00239641	0.00239641	0.134261	74.6129	
0.0324	0.0023972	0.00239641	0.00239641	0.134261	73.3463	
0.03295	0.0023972	0.00239641	0.00239641	0.134261	72.122	
0.0335	0.0023972	0.00239641	0.00239641	0.134261	70.9379	
0.03405	0.0023972	0.00239641	0.00239641	0.134261	69.7921	
0.0346	0.0023972	0.00239641	0.00239641	0.134261	68.6827	
0.03515	0.0023972	0.00239641	0.00239641	0.134261	67.608	
0.0357	0.0023972	0.00239641	0.00239641	0.134261	66.5664	
0.03625	0.0023972	0.00239641	0.00239641	0.134261	65.5564	
0.0368	0.0023972	0.00239641	0.00239641	0.134261	64.5766	
0.03735	0.0023972	0.00239641	0.00239641	0.134261	63.6257	
0.0379	0.0023972	0.00239641	0.00239641	0.134261	62.7024	
0.03845	0.0023972	0.00239641	0.00239641	0.134261	61.8055	
0.039	0.0023972	0.00239641	0.00239641	0.134261	60.9338	
0.03955	0.0023972	0.00239641	0.00239641	0.134261	60.0865	
0.0401	0.0023972	0.00239641	0.00239641	0.134261	59.2623	
0.04065	0.0023972	0.00239641	0.00239641	0.134261	58.4605	
0.0412	0.0023972	0.00239641	0.00239641	0.134261	57.6801	
0.04175	0.0023972	0.00239641	0.00239641	0.134261	56.9202	
0.0423	0.0023972	0.00239641	0.00239641	0.134261	56.1801	
0.04285	0.0023972	0.00239641	0.00239641	0.134261	55.459	
0.0434	0.0023972	0.00239641	0.00239641	0.134261	54.7562	
0.04395	0.0023972	0.00239641	0.00239641	0.134261	54.071	
0.0445	0.0023972	0.00239641	0.00239641	0.134261	53.4027	
0.04505	0.0023972	0.00239641	0.00239641	0.134261	52.7507	
0.0456	0.0023972	0.00239641	0.00239641	0.134261	52.1145	
0.04615	0.0023972	0.00239641	0.00239641	0.134261	51.4934	
0.0467	0.0023972	0.00239641	0.00239641	0.134261	50.8869	
0.04725	0.0023972	0.00239641	0.00239641	0.134261	50.2946	
0.0478	0.0023972	0.00239641	0.00239641	0.134261	49.7159	
0.04835	0.0023972	0.00239641	0.00239641	0.134261	49.1504	
0.0489	0.0023972	0.00239641	0.00239641	0.134261	48.5975	
0.04945	0.0023972	0.00239641	0.00239641	0.134261	48.057	
0.05	0.0023972	0.00239641	0.00239641	0.134261	47.5284	
0.05055	0.0023972	0.00239641	0.00239641	0.134261	47.0113	
0.0511	0.0023972	0.00239641	0.00239641	0.134261	46.5053	
0.05165	0.0023972	0.00239641	0.00239641	0.134261	46.0101	
0.0522	0.0023972	0.00239641	0.00239641	0.134261	45.5253	
0.05275	0.0023972	0.00239641	0.00239641	0.134261	45.0506	
0.0533	0.0023972	0.00239641	0.00239641	0.134261	44.5857	
0.05385	0.0023972	0.00239641	0.00239641	0.134261	44.1304	
0.0544	0.0023972	0.00239641	0.00239641	0.134261	43.6842	
0.05495	0.0023972	0.00239641	0.00239641	0.134261	43.247	
0.0555	0.0023972	0.00239641	0.00239641	0.134261	42.8184	
0.05605	0.0023972	0.00239641	0.00239641	0.134261	42.3982	
0.0566	0.0023972	0.00239641	0.00239641	0.134261	41.9862	
0.05715	0.0023972	0.00239641	0.00239641	0.134261	41.5822	
0.0577	0.0023972	0.00239641	0.00239641	0.134261	41.1858	
0.05825	0.0023972	0.00239641	0.00239641	0.134261	40.7969	
0.0588	0.0023972	0.00239641	0.00239641	0.134261	40.4153	
0.05935	0.0023972	0.00239641	0.00239641	0.134261	40.0408	
0.0599	0.0023972	0.00239641	0.00239641	0.134261	39.6731	
0.06045	0.0023972	0.00239641	0.00239641	0.134261	39.3122	
0.061	0.0023972	0.00239641	0.00239641	0.134261	38.9577	
0.06155	0.0023972	0.00239641	0.00239641	0.134261	38.6096	
0.0621	0.0023972	0.00239641	0.00239641	0.134261	38.2676	
0.06265	0.0023972	0.00239641	0.00239641	0.134261	37.9317	
0.0632	0.0023972	0.00239641	0.00239641	0.134261	37.6016	
0.06375	0.0023972	0.00239641	0.00239641	0.134261	37.2772	
0.0643	0.0023972	0.00239641	0.00239641	0.134261	36.9583	
0.06485	0.0023972	0.00239641	0.00239641	0.134261	36.6449	
0.0654	0.0023972	0.00239641	0.00239641	0.134261	36.3367	
0.06595	0.0023972	0.00239641	0.00239641	0.134261	36.0337	
0.0665	0.0023972	0.00239641	0.00239641	0.134261	35.7356	
0.06705	0.0023972	0.00239641	0.00239641	0.134261	35.4425	
0.0676	0.0023972	0.00239641	0.00239641	0.134261	35.1541	
0.06815	0.0023972	0.00239641	0.00239641	0.134261	34.8704	
0.0687	0.0023972	0.00239641	0.00239641	0.134261	34.5913	
0.06925	0.0023972	0.00239641	0.00239641	0.134261	34.3165	
0.0698	0.0023972	0.00239641	0.00239641	0.134261	34.0461	
0.07035	0.0023972	0.00239641	0.00239641	0.134261	33.78	
0.0709	0.0023972	0.00239641	0.00239641	0.134261	33.5179	
0.07145	0.0023972	0.00239641	0.00239641	0.134261	33.2599	
0.072	0.0023972	0.00239641	0.00239641	0.134261	33.0058	
0.07255	0.0023972	0.00239641	0.00239641	0.134261	32.7556	
0.0731	0.0023972	0.00239641	0.00239641	0.134261	32.5092	
0.07365	0.0023972	0.00239641	0.00239641	0.134261	32.2664	
0.0742	0.0023972	0.00239641	0.00239641	0.134261	32.0272	
0.07475	0.0023972	0.00239641	0.00239641	0.134261	31.7916	
0.0753	0.0023972	0.00239641	0.00239641	0.134261	31.5594	
0.07585	0.0023972	0.00239641	0.00239641	0.134261	31.3305	
0.0764	0.0023972	0.00239641	0.00239641	0.134261	31.105	
0.07695	0.0023972	0.00239641	0.00239641	0.134261	30.8827	
0.0775	0.0023972	0.00239641	0.00239641	0.134261	30.6635	
0.07805	0.0023972	0.00239641	0.00239641	0.134261	30.4474	
0.0786	0.0023972	0.00239641	0.00239641	0.134261	30.2344	
0.07915	0.0023972	0.00239641	0.00239641	0.134261	30.0243	
0.0797	0.0023972	0.00239641	0.00239641	0.134261	29.8171	
0.08025	0.0023972	0.00239641	0.00239641	0.134261	29.6127	
0.0808	0.0023972	0.00239641	0.00239641	0.134261	29.4111	
0.08135	0.0023972	0.00239641	0.00239641	0.134261	29.2123	
0.0819	0.0023972	0.00239641	0.00239641	0.134261	29.0161	
0.08245	0.0023972	0.00239641	0.00239641	0.134261	28.8226	
0.083	0.0023972	0.00239641	0.00239641	0.134261	28.6316	
